18.25	62.875	0.0
18.000000000000004	62.875	0.0
17.750000000000004	62.875	0.0
17.5	62.875	0.0
17.25	62.875	0.0
17.0	62.875	0.0
16.75	62.875	0.0
16.5	62.875	0.0
16.25	62.875	0.0
16.0	62.875	0.0
15.75	62.875	0.0
15.5	62.875	0.0
15.25	62.875	0.0
15.0	62.875	0.0
14.750000000000002	62.875	0.0
14.625	62.75	0.0
14.5	62.625	0.0
14.375	62.5	0.0
14.25	62.375	0.0
14.125	62.25	0.0
14.125	62.0	0.0
14.125	61.75	0.0
14.25	61.625	0.0
14.375	61.5	0.0
14.5	61.375	0.0
14.625	61.25	0.0
14.750000000000002	61.125	0.0
15.0	61.125	0.0
15.125	61.0	0.0
15.25	60.875	0.0
15.5	60.875	0.0
15.75	60.875	0.0
16.0	60.875	0.0
16.25	60.875	0.0
16.5	60.875	0.0
16.75	60.875	0.0
17.0	60.875	0.0
17.25	60.875	0.0
17.5	60.875	0.0
17.750000000000004	60.875	0.0
18.000000000000004	60.875	0.0
18.25	60.875	0.0
18.375	60.75	0.0
18.5	60.625	0.0
18.75	60.625	0.0
19.0	60.625	0.0
19.25	60.625	0.0
19.5	60.625	0.0
19.75	60.625	0.0
20.0	60.625	0.0
20.25	60.625	0.0
20.5	60.625	0.0
20.75	60.625	0.0
21.0	60.625	0.0
21.25	60.625	0.0
21.375	60.5	0.0
21.5	60.375	0.0
21.750000000000004	60.375	0.0
22.0	60.375	0.0
22.25	60.375	0.0
22.5	60.375	0.0
22.75	60.375	0.0
23.0	60.375	0.0
23.125	60.25	0.0
23.25	60.125	0.0
23.5	60.125	0.0
23.75	60.125	0.0
24.0	60.125	0.0
24.25	60.125	0.0
24.5	60.125	0.0
24.625	60.0	0.0
24.75	59.87500000000001	0.0
25.0	59.87500000000001	0.0
25.25	59.87500000000001	0.0
25.500000000000004	59.87500000000001	0.0
25.625000000000004	59.75000000000001	0.0
25.750000000000004	59.62500000000001	0.0
26.000000000000004	59.62500000000001	0.0
26.25	59.62500000000001	0.0
26.5	59.62500000000001	0.0
26.625	59.50000000000001	0.0
26.75	59.37500000000001	0.0
27.0	59.37500000000001	0.0
27.25	59.37500000000001	0.0
27.375	59.25000000000001	0.0
27.5	59.12500000000001	0.0
27.75	59.12500000000001	0.0
27.875	59.00000000000001	0.0
28.0	58.87500000000001	0.0
28.25	58.87500000000001	0.0
28.5	58.87500000000001	0.0
28.625	58.75000000000001	0.0
28.75	58.625	0.0
29.0	58.625	0.0
29.125	58.5	0.0
29.25	58.375	0.0
29.500000000000004	58.375	0.0
29.750000000000004	58.375	0.0
29.875000000000004	58.25	0.0
30.0	58.125	0.0
30.25	58.125	0.0
30.375	58.0	0.0
30.5	57.875	0.0
30.75	57.875	0.0
31.0	57.875	0.0
31.125	57.75	0.0
31.25	57.625	0.0
31.5	57.625	0.0
31.625	57.5	0.0
31.75	57.375	0.0
32.0	57.375	0.0
32.25	57.375	0.0
32.375	57.25	0.0
32.5	57.125	0.0
32.75	57.125	0.0
32.875	57.0	0.0
33.0	56.875	0.0
33.25	56.875	0.0
33.375	56.75	0.0
33.5	56.625	0.0
33.75	56.625	0.0
34.0	56.625	0.0
34.125	56.5	0.0
34.25	56.375	0.0
34.5	56.375	0.0
34.625	56.25	0.0
34.75	56.125	0.0
35.0	56.125	0.0
35.125	56.0	0.0
35.25	55.875	0.0
35.50000000000001	55.875	0.0
35.62500000000001	55.75	0.0
35.75000000000001	55.625	0.0
36.00000000000001	55.625	0.0
36.125	55.5	0.0
36.25	55.375	0.0
36.5	55.375	0.0
36.625	55.25	0.0
36.75	55.125	0.0
37.0	55.125	0.0
37.125	55.0	0.0
37.25	54.875	0.0
37.5	54.875	0.0
37.625	54.75	0.0
37.75	54.625	0.0
38.0	54.625	0.0
38.125	54.5	0.0
38.25	54.375	0.0
38.5	54.375	0.0
38.625	54.25	0.0
38.75	54.125	0.0
39.0	54.125	0.0
39.125	54.0	0.0
39.25	53.875	0.0
39.375	53.75	0.0
39.5	53.625	0.0
39.75	53.625	0.0
39.875	53.5	0.0
40.0	53.375	0.0
40.25	53.375	0.0
40.375	53.25	0.0
40.5	53.125	0.0
40.625	53.0	0.0
40.75	52.875	0.0
40.875	52.75	0.0
41.0	52.625	0.0
41.25	52.625	0.0
41.375	52.5	0.0
41.5	52.375	0.0
41.625	52.25	0.0
41.75	52.125	0.0
41.875	52.00000000000001	0.0
42.0	51.87500000000001	0.0
42.125	51.75000000000001	0.0
42.125	51.50000000000001	0.0
42.25	51.37500000000001	0.0
42.375	51.25000000000001	0.0
42.375	51.00000000000001	0.0
42.375	50.75	0.0
42.25	50.625	0.0
42.125	50.5	0.0
42.0	50.375	0.0
41.875	50.25	0.0
41.75	50.125	0.0
41.625	50.0	0.0
41.5	49.875	0.0
41.375	49.75	0.0
41.25	49.625	0.0
41.0	49.625	0.0
40.875	49.5	0.0
40.75	49.375	0.0
40.625	49.25	0.0
40.5	49.125	0.0
40.25	49.125	0.0
40.125	49.0	0.0
40.0	48.875	0.0
39.75	48.875	0.0
39.625	48.75	0.0
39.5	48.625	0.0
39.25	48.625	0.0
39.125	48.5	0.0
39.0	48.375	0.0
38.75	48.375	0.0
38.625	48.25	0.0
38.5	48.125	0.0
38.375	48.0	0.0
38.25	47.875	0.0
38.0	47.875	0.0
37.75	47.875	0.0
37.625	47.75	0.0
37.5	47.625	0.0
37.25	47.625	0.0
37.125	47.5	0.0
37.0	47.375	0.0
36.75	47.375	0.0
36.625	47.25	0.0
36.5	47.125	0.0
36.25	47.125	0.0
36.125	47.0	0.0
36.00000000000001	46.875	0.0
35.75000000000001	46.875	0.0
35.62500000000001	46.75	0.0
35.50000000000001	46.625	0.0
35.25	46.625	0.0
35.125	46.5	0.0
35.0	46.375	0.0
34.75	46.375	0.0
34.625	46.25	0.0
34.5	46.125	0.0
34.25	46.125	0.0
34.125	46.0	0.0
34.0	45.875	0.0
33.75	45.875	0.0
33.625	45.75	0.0
33.5	45.625	0.0
33.25	45.625	0.0
33.125	45.5	0.0
33.0	45.375	0.0
32.75	45.375	0.0
32.625	45.25	0.0
32.5	45.125	0.0
32.25	45.125	0.0
32.125	45.0	0.0
32.0	44.875	0.0
31.875	44.75	0.0
31.75	44.625	0.0
31.5	44.625	0.0
31.375	44.5	0.0
31.25	44.375	0.0
31.0	44.375	0.0
30.875	44.25	0.0
30.75	44.125	0.0
30.625	44.0	0.0
30.5	43.87500000000001	0.0
30.375	43.75000000000001	0.0
30.25	43.62500000000001	0.0
30.0	43.62500000000001	0.0
29.875000000000004	43.50000000000001	0.0
29.750000000000004	43.37500000000001	0.0
29.625000000000004	43.25000000000001	0.0
29.500000000000004	43.12500000000001	0.0
29.375000000000004	43.0	0.0
29.375000000000004	42.75	0.0
29.25	42.625	0.0
29.125	42.5	0.0
29.0	42.375	0.0
28.875	42.25	0.0
28.875	42.0	0.0
28.875	41.75	0.0
28.75	41.625	0.0
28.625	41.5	0.0
28.625	41.25	0.0
28.625	41.0	0.0
28.75	40.875	0.0
28.875	40.75	0.0
28.875	40.5	0.0
28.875	40.25	0.0
29.0	40.125	0.0
29.125	40.0	0.0
29.25	39.875	0.0
29.375000000000004	39.75	0.0
29.500000000000004	39.625	0.0
29.625000000000004	39.5	0.0
29.750000000000004	39.375	0.0
29.875000000000004	39.25	0.0
30.0	39.125	0.0
30.125	39.0	0.0
30.25	38.875	0.0
30.5	38.875	0.0
30.625	38.75	0.0
30.75	38.625	0.0
30.875	38.5	0.0
31.0	38.375	0.0
31.25	38.375	0.0
31.375	38.25	0.0
31.5	38.125	0.0
31.75	38.125	0.0
31.875	38.0	0.0
32.0	37.875	0.0
32.25	37.875	0.0
32.375	37.75	0.0
32.5	37.625	0.0
32.75	37.625	0.0
33.0	37.625	0.0
33.125	37.5	0.0
33.25	37.375	0.0
33.5	37.375	0.0
33.625	37.25	0.0
33.75	37.125	0.0
34.0	37.125	0.0
34.125	37.0	0.0
34.25	36.875	0.0
34.5	36.875	0.0
34.75	36.875	0.0
34.875	36.75	0.0
35.0	36.625	0.0
35.25	36.625	0.0
35.50000000000001	36.625	0.0
35.62500000000001	36.5	0.0
35.75000000000001	36.375	0.0
36.00000000000001	36.375	0.0
36.25	36.375	0.0
36.375	36.25	0.0
36.5	36.125	0.0
36.75	36.125	0.0
37.0	36.125	0.0
37.125	36.00000000000001	0.0
37.25	35.87500000000001	0.0
37.5	35.87500000000001	0.0
37.625	35.75000000000001	0.0
37.75	35.62500000000001	0.0
38.0	35.62500000000001	0.0
38.25	35.62500000000001	0.0
38.375	35.50000000000001	0.0
38.5	35.37500000000001	0.0
38.75	35.37500000000001	0.0
39.0	35.37500000000001	0.0
39.125	35.25	0.0
39.25	35.125	0.0
39.5	35.125	0.0
39.75	35.125	0.0
39.875	35.0	0.0
40.0	34.875	0.0
40.25	34.875	0.0
40.5	34.875	0.0
40.625	34.75	0.0
40.75	34.625	0.0
41.0	34.625	0.0
41.25	34.625	0.0
41.375	34.5	0.0
41.5	34.375	0.0
41.75	34.375	0.0
42.0	34.375	0.0
42.125	34.25	0.0
42.25	34.125	0.0
42.5	34.125	0.0
42.75	34.125	0.0
42.875	34.0	0.0
43.0	33.875	0.0
43.25000000000001	33.875	0.0
43.37500000000001	33.75	0.0
43.50000000000001	33.625	0.0
43.75000000000001	33.625	0.0
44.0	33.625	0.0
44.125	33.5	0.0
44.25	33.375	0.0
44.5	33.375	0.0
44.625	33.25	0.0
44.75	33.125	0.0
45.0	33.125	0.0
45.25	33.125	0.0
45.375	33.0	0.0
45.5	32.875	0.0
45.75	32.875	0.0
45.875	32.75	0.0
46.0	32.625	0.0
46.25	32.625	0.0
46.375	32.5	0.0
46.5	32.375	0.0
46.75	32.375	0.0
46.875	32.25	0.0
47.0	32.125	0.0
47.125	32.0	0.0
47.25	31.875	0.0
47.375	31.75	0.0
47.5	31.625	0.0
47.625	31.5	0.0
47.625	31.25	0.0
47.625	31.0	0.0
47.5	30.875	0.0
47.375	30.75	0.0
47.375	30.5	0.0
47.25	30.375	0.0
47.125	30.25	0.0
47.0	30.125	0.0
46.875	30.0	0.0
46.75	29.875000000000004	0.0
46.625	29.750000000000004	0.0
46.5	29.625000000000004	0.0
46.375	29.500000000000004	0.0
46.25	29.375000000000004	0.0
46.125	29.25	0.0
46.0	29.125	0.0
45.875	29.0	0.0
45.75	28.875	0.0
45.5	28.875	0.0
45.375	28.75	0.0
45.25	28.625	0.0
45.125	28.5	0.0
45.0	28.375	0.0
44.75	28.375	0.0
44.625	28.25	0.0
44.5	28.125	0.0
44.375	28.0	0.0
44.25	27.875	0.0
44.0	27.875	0.0
43.87500000000001	27.75	0.0
43.75000000000001	27.625	0.0
43.62500000000001	27.5	0.0
43.50000000000001	27.375	0.0
43.25000000000001	27.375	0.0
43.12500000000001	27.25	0.0
43.0	27.125	0.0
42.875	27.0	0.0
42.75	26.875	0.0
42.5	26.875	0.0
42.375	26.75	0.0
42.25	26.625	0.0
42.0	26.625	0.0
41.875	26.5	0.0
41.75	26.375	0.0
41.625	26.25	0.0
41.5	26.125	0.0
41.25	26.125	0.0
41.125	26.000000000000004	0.0
41.0	25.875000000000004	0.0
40.75	25.875000000000004	0.0
40.625	25.750000000000004	0.0
40.5	25.625000000000004	0.0
40.25	25.625000000000004	0.0
40.125	25.500000000000004	0.0
40.0	25.375	0.0
39.875	25.25	0.0
39.75	25.125	0.0
39.5	25.125	0.0
39.375	25.0	0.0
39.25	24.875	0.0
39.125	24.75	0.0
39.0	24.625	0.0
38.75	24.625	0.0
38.625	24.5	0.0
38.5	24.375	0.0
38.375	24.25	0.0
38.25	24.125	0.0
38.125	24.0	0.0
38.125	23.75	0.0
38.0	23.625	0.0
37.875	23.5	0.0
38.0	23.375	0.0
38.125	23.25	0.0
38.125	23.0	0.0
38.25	22.875	0.0
38.375	22.75	0.0
38.5	22.625	0.0
38.75	22.625	0.0
38.875	22.5	0.0
39.0	22.375	0.0
39.125	22.5	0.0
39.25	22.625	0.0
39.5	22.625	0.0
39.625	22.75	0.0
39.75	22.875	0.0
39.875	23.0	0.0
40.0	23.125	0.0
40.25	23.125	0.0
40.375	23.25	0.0
40.5	23.375	0.0
40.75	23.375	0.0
40.875	23.5	0.0
41.0	23.625	0.0
41.125	23.75	0.0
41.25	23.875	0.0
41.5	23.875	0.0
41.625	24.0	0.0
41.75	24.125	0.0
42.0	24.125	0.0
42.125	24.25	0.0
42.25	24.375	0.0
42.375	24.5	0.0
42.5	24.625	0.0
42.75	24.625	0.0
42.875	24.75	0.0
43.0	24.875	0.0
43.25000000000001	24.875	0.0
43.37500000000001	25.0	0.0
43.50000000000001	25.125	0.0
43.62500000000001	25.25	0.0
43.75000000000001	25.375	0.0
44.0	25.375	0.0
44.125	25.500000000000004	0.0
44.25	25.625000000000004	0.0
44.5	25.625000000000004	0.0
44.625	25.750000000000004	0.0
44.75	25.875000000000004	0.0
44.875	26.000000000000004	0.0
45.0	26.125	0.0
45.25	26.125	0.0
45.375	26.25	0.0
45.5	26.375	0.0
45.625	26.5	0.0
45.75	26.625	0.0
46.0	26.625	0.0
46.125	26.75	0.0
46.25	26.875	0.0
46.375	27.0	0.0
46.5	27.125	0.0
46.625	27.25	0.0
46.75	27.375	0.0
47.0	27.375	0.0
47.125	27.5	0.0
47.25	27.625	0.0
47.375	27.75	0.0
47.5	27.875	0.0
47.625	28.0	0.0
47.75	28.125	0.0
47.875	28.25	0.0
48.0	28.375	0.0
48.125	28.5	0.0
48.25	28.625	0.0
48.375	28.75	0.0
48.5	28.875	0.0
48.625	29.0	0.0
48.75	29.125	0.0
48.875	29.25	0.0
49.0	29.375000000000004	0.0
49.125	29.500000000000004	0.0
49.125	29.750000000000004	0.0
49.25	29.875000000000004	0.0
49.375	30.0	0.0
49.375	30.25	0.0
49.5	30.375	0.0
49.625	30.5	0.0
49.625	30.75	0.0
49.625	31.0	0.0
49.625	31.25	0.0
49.625	31.5	0.0
49.625	31.75	0.0
49.625	32.0	0.0
49.625	32.25	0.0
49.5	32.375	0.0
49.375	32.5	0.0
49.25	32.625	0.0
49.125	32.75	0.0
49.125	33.0	0.0
49.0	33.125	0.0
48.875	33.25	0.0
48.75	33.375	0.0
48.5	33.375	0.0
48.375	33.5	0.0
48.25	33.625	0.0
48.125	33.75	0.0
48.0	33.875	0.0
47.75	33.875	0.0
47.625	34.0	0.0
47.5	34.125	0.0
47.375	34.25	0.0
47.25	34.375	0.0
47.0	34.375	0.0
46.875	34.5	0.0
46.75	34.625	0.0
46.5	34.625	0.0
46.375	34.75	0.0
46.25	34.875	0.0
46.0	34.875	0.0
45.75	34.875	0.0
45.625	35.0	0.0
45.5	35.125	0.0
45.25	35.125	0.0
45.125	35.25	0.0
45.0	35.37500000000001	0.0
44.75	35.37500000000001	0.0
44.5	35.37500000000001	0.0
44.375	35.50000000000001	0.0
44.25	35.62500000000001	0.0
44.0	35.62500000000001	0.0
43.87500000000001	35.75000000000001	0.0
43.75000000000001	35.87500000000001	0.0
43.50000000000001	35.87500000000001	0.0
43.25000000000001	35.87500000000001	0.0
43.12500000000001	36.00000000000001	0.0
43.0	36.125	0.0
42.75	36.125	0.0
42.5	36.125	0.0
42.375	36.25	0.0
42.25	36.375	0.0
42.0	36.375	0.0
41.75	36.375	0.0
41.625	36.5	0.0
41.5	36.625	0.0
41.25	36.625	0.0
41.0	36.625	0.0
40.875	36.75	0.0
40.75	36.875	0.0
40.5	36.875	0.0
40.25	36.875	0.0
40.125	37.0	0.0
40.0	37.125	0.0
39.75	37.125	0.0
39.5	37.125	0.0
39.375	37.25	0.0
39.25	37.375	0.0
39.0	37.375	0.0
38.875	37.5	0.0
38.75	37.625	0.0
38.5	37.625	0.0
38.25	37.625	0.0
38.125	37.75	0.0
38.0	37.875	0.0
37.75	37.875	0.0
37.5	37.875	0.0
37.25	37.875	0.0
37.125	38.0	0.0
37.0	38.125	0.0
36.75	38.125	0.0
36.625	38.25	0.0
36.5	38.375	0.0
36.25	38.375	0.0
36.00000000000001	38.375	0.0
35.87500000000001	38.5	0.0
35.75000000000001	38.625	0.0
35.50000000000001	38.625	0.0
35.25	38.625	0.0
35.125	38.75	0.0
35.0	38.875	0.0
34.75	38.875	0.0
34.625	39.0	0.0
34.5	39.125	0.0
34.25	39.125	0.0
34.0	39.125	0.0
33.875	39.25	0.0
33.75	39.375	0.0
33.5	39.375	0.0
33.375	39.5	0.0
33.25	39.625	0.0
33.0	39.625	0.0
32.875	39.75	0.0
32.75	39.875	0.0
32.5	39.875	0.0
32.375	40.0	0.0
32.25	40.125	0.0
32.0	40.125	0.0
31.875	40.25	0.0
31.75	40.375	0.0
31.625	40.5	0.0
31.5	40.625	0.0
31.25	40.625	0.0
31.125	40.75	0.0
31.0	40.875	0.0
30.875	41.0	0.0
30.75	41.125	0.0
30.625	41.25	0.0
30.75	41.375	0.0
30.875	41.5	0.0
31.0	41.625	0.0
31.125	41.75	0.0
31.25	41.875	0.0
31.375	42.0	0.0
31.5	42.125	0.0
31.625	42.25	0.0
31.75	42.375	0.0
31.875	42.5	0.0
32.0	42.625	0.0
32.25	42.625	0.0
32.375	42.75	0.0
32.5	42.875	0.0
32.625	43.0	0.0
32.75	43.12500000000001	0.0
33.0	43.12500000000001	0.0
33.125	43.25000000000001	0.0
33.25	43.37500000000001	0.0
33.5	43.37500000000001	0.0
33.625	43.50000000000001	0.0
33.75	43.62500000000001	0.0
34.0	43.62500000000001	0.0
34.125	43.75000000000001	0.0
34.25	43.87500000000001	0.0
34.5	43.87500000000001	0.0
34.625	44.0	0.0
34.75	44.125	0.0
35.0	44.125	0.0
35.125	44.25	0.0
35.25	44.375	0.0
35.50000000000001	44.375	0.0
35.62500000000001	44.5	0.0
35.75000000000001	44.625	0.0
36.00000000000001	44.625	0.0
36.125	44.75	0.0
36.25	44.875	0.0
36.5	44.875	0.0
36.625	45.0	0.0
36.75	45.125	0.0
37.0	45.125	0.0
37.125	45.25	0.0
37.25	45.375	0.0
37.5	45.375	0.0
37.625	45.5	0.0
37.75	45.625	0.0
38.0	45.625	0.0
38.125	45.75	0.0
38.25	45.875	0.0
38.5	45.875	0.0
38.625	46.0	0.0
38.75	46.125	0.0
39.0	46.125	0.0
39.125	46.25	0.0
39.25	46.375	0.0
39.5	46.375	0.0
39.625	46.5	0.0
39.75	46.625	0.0
40.0	46.625	0.0
40.125	46.75	0.0
40.25	46.875	0.0
40.5	46.875	0.0
40.625	47.0	0.0
40.75	47.125	0.0
41.0	47.125	0.0
41.125	47.25	0.0
41.25	47.375	0.0
41.5	47.375	0.0
41.625	47.5	0.0
41.75	47.625	0.0
41.875	47.75	0.0
42.0	47.875	0.0
42.25	47.875	0.0
42.375	48.0	0.0
42.5	48.125	0.0
42.625	48.25	0.0
42.75	48.375	0.0
42.875	48.5	0.0
43.0	48.625	0.0
43.25000000000001	48.625	0.0
43.37500000000001	48.75	0.0
43.50000000000001	48.875	0.0
43.62500000000001	49.0	0.0
43.75000000000001	49.125	0.0
43.87500000000001	49.25	0.0
43.87500000000001	49.5	0.0
44.0	49.625	0.0
44.125	49.75	0.0
44.25	49.875	0.0
44.375	50.0	0.0
44.375	50.25	0.0
44.375	50.5	0.0
44.375	50.75	0.0
44.375	51.00000000000001	0.0
44.375	51.25000000000001	0.0
44.375	51.50000000000001	0.0
44.375	51.75000000000001	0.0
44.25	51.87500000000001	0.0
44.125	52.00000000000001	0.0
44.125	52.25	0.0
44.0	52.375	0.0
43.87500000000001	52.5	0.0
43.87500000000001	52.75	0.0
43.75000000000001	52.875	0.0
43.62500000000001	53.0	0.0
43.50000000000001	53.125	0.0
43.37500000000001	53.25	0.0
43.25000000000001	53.375	0.0
43.12500000000001	53.5	0.0
43.0	53.625	0.0
42.875	53.75	0.0
42.75	53.875	0.0
42.625	54.0	0.0
42.5	54.125	0.0
42.375	54.25	0.0
42.25	54.375	0.0
42.0	54.375	0.0
41.875	54.5	0.0
41.75	54.625	0.0
41.625	54.75	0.0
41.5	54.875	0.0
41.25	54.875	0.0
41.125	55.0	0.0
41.0	55.125	0.0
40.875	55.25	0.0
40.75	55.375	0.0
40.5	55.375	0.0
40.375	55.5	0.0
40.25	55.625	0.0
40.125	55.75	0.0
40.0	55.875	0.0
39.75	55.875	0.0
39.625	56.0	0.0
39.5	56.125	0.0
39.25	56.125	0.0
39.125	56.25	0.0
39.0	56.375	0.0
38.75	56.375	0.0
38.625	56.5	0.0
38.5	56.625	0.0
38.25	56.625	0.0
38.125	56.75	0.0
38.0	56.875	0.0
37.75	56.875	0.0
37.625	57.0	0.0
37.5	57.125	0.0
37.25	57.125	0.0
37.125	57.25	0.0
37.0	57.375	0.0
36.75	57.375	0.0
36.625	57.5	0.0
36.5	57.625	0.0
36.25	57.625	0.0
36.125	57.75	0.0
36.00000000000001	57.875	0.0
35.75000000000001	57.875	0.0
35.62500000000001	58.0	0.0
35.50000000000001	58.125	0.0
35.25	58.125	0.0
35.125	58.25	0.0
35.0	58.375	0.0
34.75	58.375	0.0
34.5	58.375	0.0
34.375	58.5	0.0
34.25	58.625	0.0
34.0	58.625	0.0
33.875	58.75000000000001	0.0
33.75	58.87500000000001	0.0
33.5	58.87500000000001	0.0
33.375	59.00000000000001	0.0
33.25	59.12500000000001	0.0
33.0	59.12500000000001	0.0
32.75	59.12500000000001	0.0
32.625	59.25000000000001	0.0
32.5	59.37500000000001	0.0
32.25	59.37500000000001	0.0
32.125	59.50000000000001	0.0
32.0	59.62500000000001	0.0
31.75	59.62500000000001	0.0
31.5	59.62500000000001	0.0
31.375	59.75000000000001	0.0
31.25	59.87500000000001	0.0
31.0	59.87500000000001	0.0
30.875	60.0	0.0
30.75	60.125	0.0
30.5	60.125	0.0
30.25	60.125	0.0
30.125	60.25	0.0
30.0	60.375	0.0
29.750000000000004	60.375	0.0
29.625000000000004	60.5	0.0
29.500000000000004	60.625	0.0
29.25	60.625	0.0
29.0	60.625	0.0
28.875	60.75	0.0
28.75	60.875	0.0
28.5	60.875	0.0
28.375	61.0	0.0
28.25	61.125	0.0
28.0	61.125	0.0
27.75	61.125	0.0
27.625	61.25	0.0
27.5	61.375	0.0
27.25	61.375	0.0
27.0	61.375	0.0
26.875	61.5	0.0
26.75	61.625	0.0
26.5	61.625	0.0
26.25	61.625	0.0
26.000000000000004	61.625	0.0
25.875000000000004	61.75	0.0
25.750000000000004	61.875	0.0
25.500000000000004	61.875	0.0
25.25	61.875	0.0
25.0	61.875	0.0
24.75	61.875	0.0
24.625	62.0	0.0
24.5	62.125	0.0
24.25	62.125	0.0
24.0	62.125	0.0
23.75	62.125	0.0
23.5	62.125	0.0
23.375	62.25	0.0
23.25	62.375	0.0
23.0	62.375	0.0
22.75	62.375	0.0
22.5	62.375	0.0
22.25	62.375	0.0
22.0	62.375	0.0
21.750000000000004	62.375	0.0
21.5	62.375	0.0
21.375	62.5	0.0
21.25	62.625	0.0
21.0	62.625	0.0
20.75	62.625	0.0
20.5	62.625	0.0
20.25	62.625	0.0
20.0	62.625	0.0
19.75	62.625	0.0
19.5	62.625	0.0
19.25	62.625	0.0
19.0	62.625	0.0
18.75	62.625	0.0
18.5	62.625	0.0
18.375	62.75	0.0
18.25	62.875	0.0
