0	24	38
0	24.500002	38
0	25	37.5
0	25.500002	37.5
0	26	37
0	26.500002	37
0	27	36.5
0	27.500002	36.5
0	28	36.5
0	28.500002	36
0	29.000002	36
0	29.500002	35.5
0	30.000002	35.5
0	30.500002	35.5
0	31.000002	35
0	31.5	35
0	32	34.5
0	32.500004	34.5
0	33	34.5
0	33.5	34
0	34	34
0	34.500004	34
0	35	33.5
0	35.5	33.5
0	36.000004	33.5
0	36.500004	33.5
0	37	33.5
0	37.5	33
0	38.000004	33
0	38.500004	33
0	39	33
0	39.5	33.5
0	40.000004	33.5
0	40.5	34
0	41	34
0	41.500004	34.5
0	42.000004	35
0	42.5	35.5
0	43	36
0	43.500004	36.5
0	44.000004	37
0	44.5	37.5
0	45	37.5
0	45.500004	37.5
0	46.000004	37
0	46.5	36.5
0	47.000004	36
0	47.500004	35
0	48	34
0	48.5	33
0	49.000004	32
0	49.500004	31
0	50	30
0	50.5	29
0	51.000004	28
0	51.500004	27
0	52	26
0	52.500004	25.5
0	53.000004	24.5
0	53.500004	24
0	54	23.5
0	54.500004	23
0	55.000004	23
0	55.500004	22.5
0	56	22.5
0	56.500004	22.5
0	57.000004	22.5
0	57.5	22.5
0	58.000004	23
0	58.500004	23
0	59.000004	23.5
0	59.5	23.5
0	60.000004	24
0	60.500004	24
0	61.000004	24.5
0	61.5	25
0	62.000004	25.5
0	62.5	26
0	63	26
0	63.500004	26.5
0	64	27
0	64.500008	27.5
0	65.000008	28
0	65.500008	28.5
0	66	28.5
0	66.5	29
0	67	29.5
0	67.5	29.5
0	68	29.5
0	68.500008	29.5
0	69.000008	29
0	69.500008	27
0	70	24.5
0	70.5	19.5
0	71	10.5
0	71.5	10
0	72.000008	10
0	72.500008	10
